ID, Large B/P , Large ROE , Large S/P , Large Return Rate in the last quarter , Large Market Value , Small systematic Risk,Annual Return,Excess Return,Systematic Risk,Total Risk,Abs. Win Rate,Rel. Win Rate,Annual Return,Excess Return,Systematic Risk,Total Risk,Abs. Win Rate,Rel. Win Rate
1,1.000,0.000,0.000,0.000,0.000,0.000,13.90%,1.00%,1.33,14.90%,66.30%,52.50%,0.532,0.478,0.738,0.800,0.520,0.412
2,0.000,1.000,0.000,0.000,0.000,0.000,14.30%,1.00%,1.17,10.80%,66.30%,65.00%,0.550,0.488,0.572,0.412,0.520,0.765
3,0.000,0.000,1.000,0.000,0.000,0.000,17.30%,1.80%,1.3,14.40%,63.80%,51.30%,0.693,0.630,0.703,0.757,0.440,0.376
4,0.000,0.000,0.000,1.000,0.000,0.000,9.60%,-0.20%,1.39,14.40%,61.30%,47.50%,0.324,0.256,0.800,0.756,0.360,0.271
5,0.000,0.000,0.000,0.000,1.000,0.000,9.60%,0.10%,1.04,8.70%,72.50%,53.80%,0.327,0.307,0.432,0.209,0.720,0.447
6,0.000,0.000,0.000,0.000,0.000,1.000,7.00%,-0.50%,1.1,11.00%,56.30%,46.30%,0.200,0.200,0.491,0.429,0.200,0.235
7,0.500,0.500,0.000,0.000,0.000,0.000,19.50%,2.60%,0.97,10.50%,73.80%,63.80%,0.800,0.800,0.360,0.375,0.760,0.729
8,0.500,0.000,0.500,0.000,0.000,0.000,16.40%,1.60%,1.32,14.90%,65.00%,51.30%,0.652,0.594,0.724,0.797,0.480,0.376
9,0.000,0.500,0.500,0.000,0.000,0.000,18.50%,2.20%,1.06,10.90%,67.50%,65.00%,0.751,0.721,0.454,0.418,0.560,0.765
10,0.500,0.000,0.000,0.500,0.000,0.000,15.00%,1.50%,1.05,11.30%,70.00%,51.30%,0.585,0.587,0.439,0.460,0.640,0.376
11,0.000,0.500,0.000,0.500,0.000,0.000,15.90%,1.50%,1.17,11.50%,67.50%,63.80%,0.627,0.574,0.564,0.473,0.560,0.729
12,0.000,0.000,0.500,0.500,0.000,0.000,17.00%,1.80%,1.16,12.30%,68.80%,56.30%,0.680,0.638,0.563,0.554,0.600,0.518
13,0.500,0.000,0.000,0.000,0.500,0.000,14.00%,1.10%,1.09,10.70%,70.00%,57.50%,0.536,0.511,0.482,0.396,0.640,0.553
14,0.000,0.500,0.000,0.000,0.500,0.000,12.30%,0.80%,1.01,8.80%,65.00%,66.30%,0.456,0.443,0.400,0.218,0.480,0.800
15,0.000,0.000,0.500,0.000,0.500,0.000,14.50%,1.30%,1.07,10.30%,70.00%,56.30%,0.561,0.539,0.458,0.364,0.640,0.518
16,0.000,0.000,0.000,0.500,0.500,0.000,9.00%,-0.10%,1.15,10.90%,66.30%,50.00%,0.298,0.266,0.550,0.415,0.520,0.341
17,0.500,0.000,0.000,0.000,0.000,0.500,11.80%,0.90%,0.97,10.90%,68.80%,50.00%,0.430,0.474,0.357,0.416,0.600,0.341
18,0.000,0.500,0.000,0.000,0.000,0.500,15.40%,1.70%,0.99,10.10%,67.50%,62.50%,0.605,0.612,0.374,0.344,0.560,0.694
19,0.000,0.000,0.500,0.000,0.000,0.500,13.80%,1.30%,1.04,11.40%,63.80%,55.00%,0.527,0.544,0.426,0.462,0.440,0.482
20,0.000,0.000,0.000,0.500,0.000,0.500,10.10%,0.30%,1.12,12.20%,61.30%,48.80%,0.349,0.356,0.515,0.537,0.360,0.306
21,0.000,0.000,0.000,0.000,0.500,0.500,9.30%,0.10%,1.01,9.10%,62.50%,50.00%,0.312,0.310,0.403,0.240,0.400,0.341
22,0.333,0.333,0.333,0.000,0.000,0.000,19.20%,2.40%,1.08,11.70%,70.00%,65.00%,0.786,0.760,0.472,0.492,0.640,0.765
23,0.333,0.333,0.000,0.333,0.000,0.000,18.30%,2.30%,0.98,10.20%,72.50%,57.50%,0.740,0.739,0.365,0.355,0.720,0.553
24,0.333,0.000,0.333,0.333,0.000,0.000,16.40%,1.70%,1.14,12.40%,70.00%,48.80%,0.652,0.625,0.535,0.562,0.640,0.306
25,0.000,0.333,0.333,0.333,0.000,0.000,18.40%,2.20%,1.07,10.90%,70.00%,61.30%,0.747,0.712,0.467,0.414,0.640,0.659
26,0.333,0.333,0.000,0.000,0.333,0.000,14.70%,1.50%,0.95,9.20%,71.30%,62.50%,0.570,0.581,0.340,0.252,0.680,0.694
27,0.333,0.000,0.333,0.000,0.333,0.000,16.80%,1.70%,1.17,12.20%,67.50%,58.80%,0.668,0.621,0.565,0.543,0.560,0.588
28,0.000,0.333,0.333,0.000,0.333,0.000,14.60%,1.40%,0.99,9.30%,67.50%,60.00%,0.567,0.562,0.379,0.267,0.560,0.624
29,0.333,0.000,0.000,0.333,0.333,0.000,12.70%,1.00%,0.99,9.60%,68.80%,53.80%,0.474,0.482,0.375,0.293,0.600,0.447
30,0.000,0.333,0.000,0.333,0.333,0.000,12.40%,0.70%,1.09,10.10%,67.50%,58.80%,0.461,0.430,0.486,0.337,0.560,0.588
31,0.000,0.000,0.333,0.333,0.333,0.000,13.80%,1.20%,1.04,10.00%,67.50%,60.00%,0.527,0.514,0.430,0.335,0.560,0.624
32,0.333,0.333,0.000,0.000,0.000,0.333,17.00%,2.40%,0.82,9.40%,73.80%,56.30%,0.678,0.746,0.200,0.276,0.760,0.518
33,0.333,0.000,0.333,0.000,0.000,0.333,13.50%,1.20%,1.07,11.90%,63.80%,52.50%,0.513,0.525,0.460,0.511,0.440,0.412
34,0.000,0.333,0.333,0.000,0.000,0.333,18.50%,2.40%,0.98,10.50%,67.50%,58.80%,0.753,0.755,0.369,0.377,0.560,0.588
35,0.333,0.000,0.000,0.333,0.000,0.333,12.70%,1.10%,0.94,10.10%,66.30%,55.00%,0.471,0.512,0.325,0.339,0.520,0.482
36,0.000,0.333,0.000,0.333,0.000,0.333,15.60%,1.70%,0.99,10.30%,65.00%,57.50%,0.613,0.621,0.377,0.356,0.480,0.553
37,0.000,0.000,0.333,0.333,0.000,0.333,15.70%,1.60%,1.07,11.40%,65.00%,52.50%,0.619,0.609,0.465,0.464,0.480,0.412
38,0.333,0.000,0.000,0.000,0.333,0.333,13.80%,1.40%,0.96,10.10%,70.00%,55.00%,0.526,0.552,0.348,0.339,0.640,0.482
39,0.000,0.333,0.000,0.000,0.333,0.333,13.80%,1.20%,0.97,8.80%,63.80%,62.50%,0.525,0.524,0.358,0.215,0.440,0.694
40,0.000,0.000,0.333,0.000,0.333,0.333,14.10%,1.40%,0.95,10.00%,66.30%,52.50%,0.542,0.570,0.338,0.334,0.520,0.412
41,0.000,0.000,0.000,0.333,0.333,0.333,9.00%,0.00%,1.13,11.30%,58.80%,45.00%,0.295,0.281,0.525,0.458,0.280,0.200
42,0.250,0.250,0.250,0.250,0.000,0.000,19.10%,2.40%,1.06,11.30%,70.00%,57.50%,0.780,0.753,0.457,0.457,0.640,0.553
43,0.250,0.250,0.250,0.000,0.250,0.000,17.00%,1.90%,1.02,10.30%,71.30%,65.00%,0.679,0.665,0.415,0.363,0.680,0.765
44,0.250,0.250,0.000,0.250,0.250,0.000,15.00%,1.50%,0.98,9.30%,70.00%,61.30%,0.582,0.582,0.365,0.263,0.640,0.659
45,0.250,0.000,0.250,0.250,0.250,0.000,15.30%,1.50%,1.08,11.10%,66.30%,53.80%,0.599,0.580,0.469,0.435,0.520,0.447
46,0.000,0.250,0.250,0.250,0.250,0.000,15.20%,1.40%,1.05,9.80%,67.50%,62.50%,0.595,0.568,0.440,0.315,0.560,0.694
47,0.250,0.250,0.250,0.000,0.000,0.250,17.70%,2.30%,0.97,10.80%,68.80%,58.80%,0.714,0.732,0.358,0.412,0.600,0.588
48,0.250,0.250,0.000,0.250,0.000,0.250,17.00%,2.30%,0.86,9.40%,67.50%,63.80%,0.681,0.729,0.239,0.270,0.560,0.729
49,0.250,0.000,0.250,0.250,0.000,0.250,15.40%,1.70%,1.04,11.70%,65.00%,51.30%,0.601,0.613,0.432,0.492,0.480,0.376
50,0.000,0.250,0.250,0.250,0.000,0.250,17.90%,2.20%,1,10.60%,71.30%,61.30%,0.721,0.718,0.392,0.385,0.680,0.659
51,0.250,0.250,0.000,0.000,0.250,0.250,16.30%,2.10%,0.83,8.60%,75.00%,63.80%,0.646,0.700,0.207,0.200,0.800,0.729
52,0.250,0.000,0.250,0.000,0.250,0.250,15.30%,1.60%,1.03,10.90%,70.00%,60.00%,0.599,0.603,0.415,0.415,0.640,0.624
53,0.000,0.250,0.250,0.000,0.250,0.250,16.40%,1.90%,0.93,9.20%,70.00%,62.50%,0.649,0.665,0.312,0.258,0.640,0.694
54,0.250,0.000,0.000,0.250,0.250,0.250,12.90%,1.20%,0.89,9.10%,67.50%,52.50%,0.482,0.528,0.275,0.246,0.560,0.412
55,0.000,0.250,0.000,0.250,0.250,0.250,14.00%,1.20%,1.01,9.70%,65.00%,56.30%,0.534,0.530,0.396,0.301,0.480,0.518
56,0.000,0.000,0.250,0.250,0.250,0.250,13.80%,1.30%,0.97,9.90%,67.50%,53.80%,0.525,0.544,0.359,0.321,0.560,0.447
57,0.200,0.200,0.200,0.200,0.200,0.000,17.20%,2.00%,1.01,10.20%,71.30%,60.00%,0.687,0.673,0.402,0.346,0.680,0.624
58,0.200,0.200,0.200,0.200,0.000,0.200,18.10%,2.30%,0.96,10.50%,67.50%,57.50%,0.730,0.744,0.350,0.379,0.560,0.553
59,0.200,0.200,0.200,0.000,0.200,0.200,17.10%,2.20%,0.94,10.00%,70.00%,63.80%,0.685,0.707,0.323,0.329,0.640,0.729
60,0.200,0.200,0.000,0.200,0.200,0.200,15.30%,1.80%,0.88,8.70%,72.50%,63.80%,0.596,0.632,0.260,0.204,0.720,0.729
61,0.200,0.000,0.200,0.200,0.200,0.200,15.60%,1.80%,0.97,10.40%,66.30%,52.50%,0.613,0.631,0.360,0.369,0.520,0.412
62,0.000,0.200,0.200,0.200,0.200,0.200,16.10%,1.80%,0.98,9.40%,68.80%,66.30%,0.636,0.634,0.362,0.277,0.600,0.800
63,0.167,0.167,0.167,0.167,0.167,0.167,17.30%,2.20%,0.91,9.50%,71.30%,66.30%,0.693,0.716,0.296,0.285,0.680,0.800
64,1.000,0.000,0.000,0.000,0.000,0.000,25.54%,2.08%,0.975575441443917,8.14%,80.00%,60.00%,0.625,0.714,0.382,0.688,0.560,0.500
65,0.000,1.000,0.000,0.000,0.000,0.000,24.96%,0.40%,1.3508010269013,7.75%,85.00%,75.00%,0.599,0.431,0.737,0.634,0.680,0.725
66,0.000,0.000,1.000,0.000,0.000,0.000,23.12%,1.35%,1.04000630544822,8.78%,80.00%,40.00%,0.518,0.590,0.443,0.777,0.560,0.200
67,0.000,0.000,0.000,1.000,0.000,0.000,20.38%,-0.26%,1.29189867529464,8.86%,70.00%,60.00%,0.396,0.320,0.682,0.788,0.320,0.500
68,0.000,0.000,0.000,0.000,1.000,0.000,16.38%,-0.08%,0.974705620441101,4.61%,80.00%,45.00%,0.219,0.351,0.381,0.200,0.560,0.275
69,0.000,0.000,0.000,0.000,0.000,1.000,17.35%,-0.72%,1.2270745811143,8.07%,75.00%,50.00%,0.262,0.243,0.620,0.679,0.440,0.350
70,0.500,0.500,0.000,0.000,0.000,0.000,29.49%,2.46%,1.06069011326896,6.49%,90.00%,70.00%,0.800,0.778,0.462,0.460,0.800,0.650
71,0.500,0.000,0.500,0.000,0.000,0.000,25.59%,1.96%,1.01039683373859,8.34%,80.00%,50.00%,0.627,0.693,0.415,0.716,0.560,0.350
72,0.000,0.500,0.500,0.000,0.000,0.000,24.82%,1.24%,1.13802797593774,7.72%,75.00%,65.00%,0.593,0.572,0.536,0.630,0.440,0.575
73,0.500,0.000,0.000,0.500,0.000,0.000,22.76%,1.89%,0.850334931122146,5.98%,85.00%,55.00%,0.502,0.682,0.263,0.390,0.680,0.425
74,0.000,0.500,0.000,0.500,0.000,0.000,26.13%,0.70%,1.3518604207393,8.49%,80.00%,70.00%,0.651,0.481,0.738,0.736,0.560,0.650
75,0.000,0.000,0.500,0.500,0.000,0.000,22.83%,1.71%,0.912782533000923,7.18%,80.00%,60.00%,0.505,0.653,0.322,0.555,0.560,0.500
76,0.500,0.000,0.000,0.000,0.500,0.000,24.39%,1.54%,1.01514679558228,5.73%,85.00%,70.00%,0.574,0.624,0.419,0.355,0.680,0.650
77,0.000,0.500,0.000,0.000,0.500,0.000,18.45%,-0.74%,1.26458869819601,6.29%,70.00%,55.00%,0.311,0.239,0.656,0.432,0.320,0.425
78,0.000,0.000,0.500,0.000,0.500,0.000,21.53%,1.26%,0.934076431794566,5.72%,85.00%,55.00%,0.447,0.577,0.342,0.354,0.680,0.425
79,0.000,0.000,0.000,0.500,0.500,0.000,15.96%,-0.97%,1.18650638292965,6.20%,70.00%,45.00%,0.200,0.200,0.582,0.420,0.320,0.275
80,0.500,0.000,0.000,0.000,0.000,0.500,23.85%,2.07%,0.878797972589126,7.27%,90.00%,50.00%,0.550,0.713,0.290,0.568,0.800,0.350
81,0.000,0.500,0.000,0.000,0.000,0.500,27.56%,0.73%,1.41678691342888,8.70%,85.00%,80.00%,0.715,0.487,0.800,0.765,0.680,0.800
82,0.000,0.000,0.500,0.000,0.000,0.500,23.51%,1.47%,1.02005250189985,8.09%,80.00%,60.00%,0.535,0.611,0.424,0.681,0.560,0.500
83,0.000,0.000,0.000,0.500,0.000,0.500,18.67%,-0.61%,1.28893460549828,8.95%,75.00%,55.00%,0.320,0.261,0.679,0.800,0.440,0.425
84,0.000,0.000,0.000,0.000,0.500,0.500,18.25%,-0.15%,1.10008492646388,5.48%,70.00%,60.00%,0.302,0.339,0.500,0.321,0.320,0.500
85,0.333,0.333,0.333,0.000,0.000,0.000,29.01%,2.27%,1.09153976143718,7.13%,80.00%,75.00%,0.779,0.745,0.492,0.549,0.560,0.725
86,0.333,0.333,0.000,0.333,0.000,0.000,24.91%,1.73%,1.00748445566034,6.63%,80.00%,55.00%,0.597,0.656,0.412,0.479,0.560,0.425
87,0.333,0.000,0.333,0.333,0.000,0.000,23.77%,1.71%,0.960763718635896,7.19%,85.00%,60.00%,0.547,0.652,0.367,0.557,0.680,0.500
88,0.000,0.333,0.333,0.333,0.000,0.000,25.81%,1.36%,1.16027555171043,7.77%,80.00%,65.00%,0.637,0.593,0.557,0.636,0.560,0.575
89,0.333,0.333,0.000,0.000,0.333,0.000,22.07%,0.38%,1.1796842420917,5.96%,75.00%,60.00%,0.471,0.427,0.575,0.387,0.440,0.500
90,0.333,0.000,0.333,0.000,0.333,0.000,25.53%,2.18%,0.924903302306591,6.27%,80.00%,60.00%,0.624,0.731,0.333,0.430,0.560,0.500
91,0.000,0.333,0.333,0.000,0.333,0.000,21.13%,0.25%,1.16564735742934,6.28%,70.00%,55.00%,0.430,0.406,0.562,0.431,0.320,0.425
92,0.333,0.000,0.000,0.333,0.333,0.000,18.81%,1.00%,0.84484114462693,4.77%,80.00%,50.00%,0.327,0.533,0.258,0.222,0.560,0.350
93,0.000,0.333,0.000,0.333,0.333,0.000,20.61%,-0.42%,1.31216411337097,7.06%,70.00%,55.00%,0.406,0.293,0.701,0.539,0.320,0.425
94,0.000,0.000,0.333,0.333,0.333,0.000,18.94%,1.09%,0.834788659780413,5.14%,80.00%,55.00%,0.332,0.547,0.248,0.274,0.560,0.425
95,0.333,0.333,0.000,0.000,0.000,0.333,28.35%,2.46%,1.00845689663209,6.88%,80.00%,65.00%,0.750,0.778,0.413,0.514,0.560,0.575
96,0.333,0.000,0.333,0.000,0.000,0.333,24.73%,1.85%,0.984688011707386,7.87%,80.00%,55.00%,0.589,0.676,0.390,0.650,0.560,0.425
97,0.000,0.333,0.333,0.000,0.000,0.333,27.56%,1.62%,1.18977820979162,8.09%,80.00%,60.00%,0.715,0.637,0.585,0.681,0.560,0.500
98,0.333,0.000,0.000,0.333,0.000,0.333,22.04%,1.54%,0.908043902930134,6.89%,80.00%,65.00%,0.470,0.624,0.317,0.515,0.560,0.575
99,0.000,0.333,0.000,0.333,0.000,0.333,25.45%,0.70%,1.31770633107793,8.56%,75.00%,75.00%,0.621,0.481,0.706,0.746,0.440,0.725
100,0.000,0.000,0.333,0.333,0.000,0.333,23.98%,1.50%,1.03542344088605,7.93%,75.00%,60.00%,0.556,0.616,0.438,0.659,0.440,0.500
101,0.333,0.000,0.000,0.000,0.333,0.333,25.08%,2.02%,0.944525367918216,6.48%,85.00%,60.00%,0.605,0.703,0.352,0.459,0.680,0.500
102,0.000,0.333,0.000,0.000,0.333,0.333,22.41%,-0.08%,1.32243611708652,7.03%,70.00%,70.00%,0.486,0.351,0.711,0.534,0.320,0.650
103,0.000,0.000,0.333,0.000,0.333,0.333,22.82%,1.58%,0.94028794365477,6.89%,80.00%,55.00%,0.504,0.629,0.348,0.515,0.560,0.425
104,0.000,0.000,0.000,0.333,0.333,0.333,15.95%,-0.87%,1.1778657534151,7.36%,65.00%,50.00%,0.200,0.218,0.573,0.580,0.200,0.350
105,0.250,0.250,0.250,0.250,0.000,0.000,26.67%,1.89%,1.06778241495105,7.31%,75.00%,65.00%,0.675,0.682,0.469,0.573,0.440,0.575
106,0.250,0.250,0.250,0.000,0.250,0.000,25.00%,1.31%,1.10571205592423,6.13%,85.00%,65.00%,0.601,0.585,0.505,0.411,0.680,0.575
107,0.250,0.250,0.000,0.250,0.250,0.000,20.38%,0.34%,1.09908097595925,5.81%,70.00%,60.00%,0.396,0.421,0.499,0.366,0.320,0.500
108,0.250,0.000,0.250,0.250,0.250,0.000,22.40%,1.87%,0.831234362982992,5.41%,80.00%,60.00%,0.486,0.678,0.245,0.311,0.560,0.500
109,0.000,0.250,0.250,0.250,0.250,0.000,20.79%,0.34%,1.12619405623448,6.31%,80.00%,70.00%,0.414,0.422,0.524,0.435,0.560,0.650
110,0.250,0.250,0.250,0.000,0.000,0.250,28.35%,2.35%,1.04516309197912,7.59%,80.00%,55.00%,0.749,0.759,0.448,0.612,0.560,0.425
111,0.250,0.250,0.000,0.250,0.000,0.250,26.07%,2.17%,0.964960025148597,6.86%,80.00%,65.00%,0.649,0.729,0.371,0.511,0.560,0.575
112,0.250,0.000,0.250,0.250,0.000,0.250,23.69%,1.98%,0.898630751546179,7.56%,80.00%,65.00%,0.543,0.697,0.309,0.607,0.560,0.575
113,0.000,0.250,0.250,0.250,0.000,0.250,27.88%,2.02%,1.10937735969351,7.96%,85.00%,70.00%,0.729,0.704,0.508,0.663,0.680,0.650
114,0.250,0.250,0.000,0.000,0.250,0.250,26.05%,1.76%,1.04847813340484,5.79%,90.00%,75.00%,0.648,0.660,0.451,0.364,0.800,0.725
115,0.250,0.000,0.250,0.000,0.250,0.250,26.10%,2.26%,0.940957638434705,6.74%,85.00%,65.00%,0.650,0.744,0.349,0.495,0.680,0.575
116,0.000,0.250,0.250,0.000,0.250,0.250,24.83%,0.98%,1.19160037069108,7.08%,80.00%,60.00%,0.593,0.528,0.586,0.542,0.560,0.500
117,0.250,0.000,0.000,0.250,0.250,0.250,19.38%,1.39%,0.784163442238522,5.00%,80.00%,55.00%,0.352,0.598,0.200,0.255,0.560,0.425
118,0.000,0.250,0.000,0.250,0.250,0.250,22.37%,0.00%,1.31477580349665,7.73%,75.00%,70.00%,0.484,0.363,0.703,0.631,0.440,0.650
119,0.000,0.000,0.250,0.250,0.250,0.250,20.58%,1.24%,0.899535387228409,6.50%,80.00%,50.00%,0.405,0.573,0.309,0.461,0.560,0.350
120,0.200,0.200,0.200,0.200,0.200,0.000,23.24%,1.40%,0.991586187605167,5.78%,80.00%,65.00%,0.523,0.600,0.397,0.362,0.560,0.575
121,0.200,0.200,0.200,0.200,0.000,0.200,27.36%,2.59%,0.933934700048325,7.34%,80.00%,60.00%,0.705,0.800,0.342,0.577,0.560,0.500
122,0.200,0.200,0.200,0.000,0.200,0.200,27.65%,2.05%,1.06943441910604,6.60%,80.00%,65.00%,0.719,0.708,0.471,0.475,0.560,0.575
123,0.200,0.200,0.000,0.200,0.200,0.200,23.07%,1.16%,1.04368419794708,6.05%,80.00%,70.00%,0.516,0.560,0.446,0.399,0.560,0.650
124,0.200,0.000,0.200,0.200,0.200,0.200,23.47%,2.29%,0.794886765926057,6.29%,80.00%,55.00%,0.533,0.749,0.210,0.432,0.560,0.425
125,0.000,0.200,0.200,0.200,0.200,0.200,24.29%,1.13%,1.12511412177859,6.77%,80.00%,80.00%,0.570,0.553,0.523,0.498,0.560,0.800
126,0.167,0.167,0.167,0.167,0.167,0.167,24.16%,1.82%,0.941707523942642,6.07%,80.00%,70.00%,0.564,0.670,0.349,0.403,0.560,0.650
127,1.000,0.000,0.000,0.000,0.000,0.000,7.70%,-1.59%,0.736939118061755,9.59%,60.00%,30.00%,0.228,0.508,0.244,0.317,0.371,0.400
128,0.000,1.000,0.000,0.000,0.000,0.000,16.75%,-1.74%,1.16984069330904,10.30%,70.00%,40.00%,0.589,0.482,0.587,0.367,0.543,0.600
129,0.000,0.000,1.000,0.000,0.000,0.000,9.76%,-2.60%,1.04922101726706,11.13%,55.00%,30.00%,0.310,0.325,0.492,0.426,0.286,0.400
130,0.000,0.000,0.000,1.000,0.000,0.000,20.34%,-1.68%,1.4389158674478,16.43%,70.00%,40.00%,0.733,0.491,0.800,0.800,0.543,0.600
131,0.000,0.000,0.000,0.000,1.000,0.000,17.85%,-0.89%,1.01698257722442,7.94%,85.00%,25.00%,0.633,0.635,0.466,0.200,0.800,0.300
132,0.000,0.000,0.000,0.000,0.000,1.000,8.36%,-3.28%,1.10807323220207,10.67%,55.00%,40.00%,0.254,0.200,0.538,0.393,0.286,0.600
133,0.500,0.500,0.000,0.000,0.000,0.000,14.39%,-0.18%,0.754226231908235,9.13%,70.00%,35.00%,0.495,0.765,0.258,0.284,0.543,0.500
134,0.500,0.000,0.500,0.000,0.000,0.000,8.65%,-2.45%,0.971649447798019,11.16%,55.00%,30.00%,0.266,0.351,0.430,0.428,0.286,0.400
135,0.000,0.500,0.500,0.000,0.000,0.000,14.22%,-1.54%,1.02158663943514,10.09%,60.00%,40.00%,0.488,0.517,0.470,0.352,0.371,0.600
136,0.500,0.000,0.000,0.500,0.000,0.000,11.22%,-0.53%,0.680928616221562,8.78%,65.00%,40.00%,0.368,0.700,0.200,0.260,0.457,0.600
137,0.000,0.500,0.000,0.500,0.000,0.000,22.03%,-0.99%,1.2948600557805,12.81%,65.00%,40.00%,0.800,0.618,0.686,0.544,0.457,0.600
138,0.000,0.000,0.500,0.500,0.000,0.000,11.82%,-2.19%,1.05491561523588,10.72%,65.00%,25.00%,0.392,0.399,0.496,0.397,0.457,0.300
139,0.500,0.000,0.000,0.000,0.500,0.000,12.10%,-0.71%,0.739862524600847,8.05%,70.00%,25.00%,0.403,0.669,0.247,0.208,0.543,0.300
140,0.000,0.500,0.000,0.000,0.500,0.000,18.26%,-1.17%,1.1024392488103,8.95%,65.00%,45.00%,0.649,0.584,0.534,0.272,0.457,0.700
141,0.000,0.000,0.500,0.000,0.500,0.000,13.72%,-1.44%,0.96412601811546,9.05%,65.00%,30.00%,0.468,0.535,0.424,0.278,0.457,0.400
142,0.000,0.000,0.000,0.500,0.500,0.000,18.55%,-1.47%,1.21266136040627,11.43%,75.00%,25.00%,0.661,0.529,0.621,0.447,0.629,0.300
143,0.500,0.000,0.000,0.000,0.000,0.500,7.01%,-1.83%,0.746329999703915,9.37%,55.00%,30.00%,0.200,0.465,0.252,0.301,0.286,0.400
144,0.000,0.500,0.000,0.000,0.000,0.500,15.30%,-1.47%,1.06262868929149,10.48%,60.00%,40.00%,0.531,0.529,0.502,0.380,0.371,0.600
145,0.000,0.000,0.500,0.000,0.000,0.500,8.86%,-2.63%,1.01274070355523,10.93%,55.00%,30.00%,0.274,0.319,0.463,0.412,0.286,0.400
146,0.000,0.000,0.000,0.500,0.000,0.500,15.47%,-1.62%,1.18198559660819,14.43%,60.00%,40.00%,0.538,0.503,0.597,0.659,0.371,0.600
147,0.000,0.000,0.000,0.000,0.500,0.500,13.27%,-2.04%,1.05664430620391,8.96%,65.00%,30.00%,0.450,0.426,0.497,0.272,0.457,0.400
148,0.333,0.333,0.333,0.000,0.000,0.000,11.77%,-1.33%,0.87802061559013,10.22%,60.00%,35.00%,0.390,0.556,0.356,0.361,0.371,0.500
149,0.333,0.333,0.000,0.333,0.000,0.000,16.66%,-0.32%,0.891597203642692,9.91%,65.00%,35.00%,0.586,0.740,0.367,0.339,0.457,0.500
150,0.333,0.000,0.333,0.333,0.000,0.000,10.90%,-1.32%,0.833827479498978,9.94%,65.00%,25.00%,0.355,0.557,0.321,0.341,0.457,0.300
151,0.000,0.333,0.333,0.333,0.000,0.000,17.45%,-0.91%,1.04933835280926,10.59%,65.00%,35.00%,0.617,0.632,0.492,0.387,0.457,0.500
152,0.333,0.333,0.000,0.000,0.333,0.000,13.65%,-0.79%,0.824096842312878,8.16%,70.00%,35.00%,0.465,0.654,0.313,0.216,0.543,0.500
153,0.333,0.000,0.333,0.000,0.333,0.000,11.75%,-1.67%,0.93617761010595,9.86%,65.00%,25.00%,0.389,0.493,0.402,0.336,0.457,0.300
154,0.000,0.333,0.333,0.000,0.333,0.000,14.12%,-1.72%,1.03799842883997,9.31%,65.00%,30.00%,0.484,0.484,0.483,0.297,0.457,0.400
155,0.333,0.000,0.000,0.333,0.333,0.000,12.30%,-0.70%,0.746758539131361,8.00%,70.00%,30.00%,0.412,0.670,0.252,0.205,0.543,0.400
156,0.000,0.333,0.000,0.333,0.333,0.000,20.28%,-1.30%,1.24483866329054,11.00%,75.00%,40.00%,0.730,0.561,0.646,0.417,0.629,0.600
157,0.000,0.000,0.333,0.333,0.333,0.000,12.18%,-1.84%,0.973875915463223,8.96%,60.00%,30.00%,0.407,0.462,0.432,0.272,0.371,0.400
158,0.333,0.333,0.000,0.000,0.000,0.333,12.16%,-0.80%,0.78439633911899,9.56%,70.00%,35.00%,0.406,0.651,0.282,0.314,0.543,0.500
159,0.333,0.000,0.333,0.000,0.000,0.333,7.10%,-2.55%,0.91337224407955,10.77%,50.00%,35.00%,0.204,0.334,0.384,0.400,0.200,0.500
160,0.000,0.333,0.333,0.000,0.000,0.333,14.94%,-1.42%,1.04190829067855,10.69%,60.00%,40.00%,0.517,0.539,0.486,0.395,0.371,0.600
161,0.333,0.000,0.000,0.333,0.000,0.333,11.51%,-0.96%,0.780742222435431,9.24%,60.00%,35.00%,0.380,0.623,0.279,0.292,0.371,0.500
162,0.000,0.333,0.000,0.333,0.000,0.333,19.47%,-0.81%,1.13342242514908,11.60%,65.00%,40.00%,0.698,0.650,0.558,0.459,0.457,0.600
163,0.000,0.000,0.333,0.333,0.000,0.333,14.04%,-1.57%,1.03865808765484,11.00%,60.00%,35.00%,0.481,0.512,0.483,0.417,0.371,0.500
164,0.333,0.000,0.000,0.000,0.333,0.333,9.95%,-1.08%,0.725620036282203,8.68%,65.00%,30.00%,0.317,0.600,0.235,0.252,0.457,0.400
165,0.000,0.333,0.000,0.000,0.333,0.333,17.67%,-1.54%,1.15966514835343,9.71%,65.00%,50.00%,0.626,0.517,0.579,0.326,0.457,0.800
166,0.000,0.000,0.333,0.000,0.333,0.333,10.75%,-2.32%,1.02353222142843,10.26%,60.00%,30.00%,0.350,0.375,0.471,0.364,0.371,0.400
167,0.000,0.000,0.000,0.333,0.333,0.333,19.03%,-1.78%,1.33260004815273,13.56%,60.00%,35.00%,0.680,0.473,0.716,0.598,0.371,0.500
168,0.250,0.250,0.250,0.250,0.000,0.000,13.70%,-1.03%,0.900159240861221,9.88%,65.00%,30.00%,0.467,0.610,0.374,0.337,0.457,0.400
169,0.250,0.250,0.250,0.000,0.250,0.000,12.80%,-1.16%,0.874285704241263,9.20%,65.00%,35.00%,0.432,0.586,0.353,0.290,0.457,0.500
170,0.250,0.250,0.000,0.250,0.250,0.000,17.23%,-0.59%,0.952110264178381,9.05%,70.00%,35.00%,0.608,0.690,0.415,0.278,0.543,0.500
171,0.250,0.000,0.250,0.250,0.250,0.000,10.14%,-1.54%,0.82174432234448,8.64%,60.00%,25.00%,0.325,0.517,0.311,0.249,0.371,0.300
172,0.000,0.250,0.250,0.250,0.250,0.000,17.78%,-1.43%,1.14913488514914,10.02%,60.00%,40.00%,0.630,0.538,0.571,0.347,0.371,0.600
173,0.250,0.250,0.250,0.000,0.000,0.250,11.99%,-1.28%,0.88630861495049,10.61%,60.00%,35.00%,0.399,0.564,0.363,0.389,0.371,0.500
174,0.250,0.250,0.000,0.250,0.000,0.250,16.21%,0.02%,0.801211447249687,9.42%,65.00%,45.00%,0.568,0.800,0.295,0.305,0.457,0.700
175,0.250,0.000,0.250,0.250,0.000,0.250,10.36%,-1.66%,0.885673561661748,10.58%,50.00%,25.00%,0.334,0.496,0.362,0.387,0.200,0.300
176,0.000,0.250,0.250,0.250,0.000,0.250,15.67%,-1.20%,1.03281216919258,10.67%,65.00%,35.00%,0.546,0.578,0.479,0.393,0.457,0.500
177,0.250,0.250,0.000,0.000,0.250,0.250,13.89%,-0.70%,0.836850998385763,9.44%,75.00%,40.00%,0.475,0.670,0.323,0.306,0.629,0.600
178,0.250,0.000,0.250,0.000,0.250,0.250,10.03%,-1.96%,0.919782099694458,10.15%,65.00%,35.00%,0.321,0.442,0.389,0.356,0.457,0.500
179,0.000,0.250,0.250,0.000,0.250,0.250,14.98%,-1.36%,1.01420285374127,9.70%,65.00%,45.00%,0.518,0.550,0.464,0.325,0.457,0.700
180,0.250,0.000,0.000,0.250,0.250,0.250,13.06%,-0.79%,0.804670862365341,8.54%,65.00%,20.00%,0.442,0.653,0.298,0.242,0.457,0.200
181,0.000,0.250,0.000,0.250,0.250,0.250,21.92%,-0.51%,1.16365777670092,11.04%,65.00%,40.00%,0.796,0.704,0.582,0.419,0.457,0.600
182,0.000,0.000,0.250,0.250,0.250,0.250,12.48%,-1.66%,0.96274753765473,9.55%,65.00%,35.00%,0.419,0.495,0.423,0.314,0.457,0.500
183,0.200,0.200,0.200,0.200,0.200,0.000,13.87%,-1.06%,0.902265557095482,9.29%,70.00%,30.00%,0.474,0.604,0.375,0.296,0.543,0.400
184,0.200,0.200,0.200,0.200,0.000,0.200,14.11%,-0.90%,0.895338519091244,10.04%,60.00%,30.00%,0.484,0.634,0.370,0.348,0.371,0.400
185,0.200,0.200,0.200,0.000,0.200,0.200,11.64%,-1.55%,0.91270622447465,10.11%,70.00%,40.00%,0.385,0.516,0.383,0.354,0.543,0.600
186,0.200,0.200,0.000,0.200,0.200,0.200,16.06%,-0.72%,0.930771321318357,9.20%,70.00%,40.00%,0.562,0.666,0.398,0.289,0.543,0.600
187,0.200,0.000,0.200,0.200,0.200,0.200,11.47%,-1.31%,0.853121554164011,9.71%,55.00%,30.00%,0.378,0.558,0.336,0.325,0.286,0.400
188,0.000,0.200,0.200,0.200,0.200,0.200,17.03%,-1.30%,1.09642607605322,10.05%,65.00%,30.00%,0.600,0.561,0.529,0.349,0.457,0.400
189,0.167,0.167,0.167,0.167,0.167,0.167,13.73%,-1.11%,0.910100800805274,9.50%,70.00%,35.00%,0.469,0.595,0.381,0.311,0.543,0.500
190,1.000,0.000,0.000,0.000,0.000,0.000,22.18%,6.29%,1.58044040356646,16.44%,65.00%,80.00%,0.647,0.688,0.800,0.800,0.457,0.650
191,0.000,1.000,0.000,0.000,0.000,0.000,14.24%,3.99%,1.20756114947585,12.08%,55.00%,80.00%,0.492,0.495,0.488,0.461,0.286,0.650
192,0.000,0.000,1.000,0.000,0.000,0.000,29.57%,7.62%,1.31686207007236,14.78%,65.00%,85.00%,0.791,0.800,0.580,0.671,0.457,0.725
193,0.000,0.000,0.000,1.000,0.000,0.000,0.21%,1.25%,1.43796367969383,15.97%,50.00%,55.00%,0.218,0.264,0.681,0.764,0.200,0.275
194,0.000,0.000,0.000,0.000,1.000,0.000,3.05%,1.23%,1.10928734225536,10.45%,60.00%,75.00%,0.274,0.263,0.406,0.333,0.371,0.575
195,0.000,0.000,0.000,0.000,0.000,1.000,8.83%,3.14%,1.47953852985436,15.19%,55.00%,65.00%,0.387,0.423,0.716,0.703,0.286,0.425
196,0.500,0.500,0.000,0.000,0.000,0.000,29.75%,7.16%,0.902055261328428,10.25%,80.00%,85.00%,0.795,0.762,0.233,0.318,0.714,0.725
197,0.500,0.000,0.500,0.000,0.000,0.000,26.86%,7.14%,1.36887979640848,15.28%,65.00%,75.00%,0.738,0.760,0.623,0.710,0.457,0.575
198,0.000,0.500,0.500,0.000,0.000,0.000,28.23%,6.96%,1.04927138382189,11.51%,80.00%,85.00%,0.765,0.745,0.356,0.416,0.714,0.725
199,0.500,0.000,0.000,0.500,0.000,0.000,20.03%,5.33%,1.10871549054225,12.28%,75.00%,70.00%,0.605,0.608,0.406,0.476,0.629,0.500
200,0.000,0.500,0.000,0.500,0.000,0.000,11.94%,3.40%,1.05805568485851,11.20%,60.00%,80.00%,0.447,0.445,0.364,0.392,0.371,0.650
201,0.000,0.000,0.500,0.500,0.000,0.000,24.25%,6.39%,1.18958930293802,13.51%,70.00%,85.00%,0.688,0.697,0.473,0.572,0.543,0.725
202,0.500,0.000,0.000,0.000,0.500,0.000,18.15%,4.92%,1.21834036559764,12.35%,70.00%,85.00%,0.568,0.573,0.497,0.482,0.543,0.725
203,0.000,0.500,0.000,0.000,0.500,0.000,8.65%,2.42%,0.916896278879272,8.74%,60.00%,90.00%,0.383,0.362,0.246,0.200,0.371,0.800
204,0.000,0.000,0.500,0.000,0.500,0.000,19.54%,5.09%,1.02851719792512,10.98%,75.00%,90.00%,0.596,0.587,0.339,0.375,0.629,0.800
205,0.000,0.000,0.000,0.500,0.500,0.000,-0.72%,0.49%,1.1419565597091,11.95%,55.00%,70.00%,0.200,0.200,0.434,0.450,0.286,0.500
206,0.500,0.000,0.000,0.000,0.000,0.500,20.64%,5.71%,1.36470891519764,14.57%,65.00%,75.00%,0.617,0.640,0.620,0.654,0.457,0.575
207,0.000,0.500,0.000,0.000,0.000,0.500,20.03%,5.27%,1.10465895420441,12.00%,65.00%,80.00%,0.605,0.602,0.403,0.454,0.457,0.650
208,0.000,0.000,0.500,0.000,0.000,0.500,22.92%,6.23%,1.28611536585045,14.60%,65.00%,70.00%,0.662,0.683,0.554,0.657,0.457,0.500
209,0.000,0.000,0.000,0.500,0.000,0.500,7.15%,2.66%,1.27420997455208,14.37%,55.00%,50.00%,0.354,0.383,0.544,0.639,0.286,0.200
210,0.000,0.000,0.000,0.000,0.500,0.500,5.61%,2.07%,1.31196999833117,12.64%,60.00%,65.00%,0.324,0.333,0.576,0.504,0.371,0.425
211,0.333,0.333,0.333,0.000,0.000,0.000,30.01%,7.40%,1.06721770622364,12.06%,85.00%,85.00%,0.800,0.781,0.371,0.459,0.800,0.725
212,0.333,0.333,0.000,0.333,0.000,0.000,26.16%,6.37%,0.862257181782766,9.71%,85.00%,90.00%,0.725,0.695,0.200,0.276,0.800,0.800
213,0.333,0.000,0.333,0.333,0.000,0.000,25.29%,6.52%,1.14621140883728,12.87%,75.00%,70.00%,0.708,0.708,0.437,0.522,0.629,0.500
214,0.000,0.333,0.333,0.333,0.000,0.000,23.14%,5.88%,1.02522694148741,11.28%,80.00%,80.00%,0.666,0.654,0.336,0.398,0.714,0.650
215,0.333,0.333,0.000,0.000,0.333,0.000,19.41%,4.90%,0.865789536678537,9.29%,80.00%,85.00%,0.593,0.571,0.203,0.243,0.714,0.725
216,0.333,0.000,0.333,0.000,0.333,0.000,24.11%,6.29%,1.22205461371747,13.07%,70.00%,90.00%,0.685,0.688,0.501,0.538,0.543,0.800
217,0.000,0.333,0.333,0.000,0.333,0.000,19.00%,4.81%,0.889621833936658,9.33%,80.00%,90.00%,0.585,0.564,0.223,0.246,0.714,0.800
218,0.333,0.000,0.000,0.333,0.333,0.000,15.17%,4.05%,1.02623592478609,10.34%,65.00%,80.00%,0.510,0.500,0.337,0.325,0.457,0.650
219,0.000,0.333,0.000,0.333,0.333,0.000,5.69%,1.78%,0.95005973510497,9.44%,60.00%,80.00%,0.325,0.308,0.273,0.255,0.371,0.650
220,0.000,0.000,0.333,0.333,0.333,0.000,16.55%,4.39%,1.03267545378547,10.64%,70.00%,90.00%,0.537,0.529,0.342,0.348,0.543,0.800
221,0.333,0.333,0.000,0.000,0.000,0.333,27.94%,6.82%,0.894291581740562,10.60%,80.00%,80.00%,0.760,0.733,0.227,0.345,0.714,0.650
222,0.333,0.000,0.333,0.000,0.000,0.333,24.29%,6.52%,1.31297562727847,14.66%,65.00%,70.00%,0.688,0.708,0.577,0.661,0.457,0.500
223,0.000,0.333,0.333,0.000,0.000,0.333,28.80%,7.18%,1.09791237160339,12.45%,75.00%,80.00%,0.776,0.763,0.397,0.489,0.629,0.650
224,0.333,0.000,0.000,0.333,0.000,0.333,15.93%,4.39%,1.04815140483215,11.92%,70.00%,65.00%,0.525,0.528,0.355,0.448,0.543,0.425
225,0.000,0.333,0.000,0.333,0.000,0.333,16.64%,4.43%,0.961474065301305,10.97%,65.00%,75.00%,0.539,0.532,0.283,0.374,0.457,0.575
226,0.000,0.000,0.333,0.333,0.000,0.333,21.28%,5.78%,1.20118270306259,13.78%,70.00%,70.00%,0.630,0.645,0.483,0.593,0.543,0.500
227,0.333,0.000,0.000,0.000,0.333,0.333,19.84%,5.50%,1.37968626091211,14.15%,70.00%,80.00%,0.602,0.622,0.632,0.622,0.543,0.650
228,0.000,0.333,0.000,0.000,0.333,0.333,13.61%,3.63%,0.990142126972353,9.71%,55.00%,85.00%,0.480,0.464,0.307,0.275,0.286,0.725
229,0.000,0.000,0.333,0.000,0.333,0.333,22.65%,5.96%,1.1839961819191,12.94%,70.00%,75.00%,0.656,0.661,0.469,0.528,0.543,0.575
230,0.000,0.000,0.000,0.333,0.333,0.333,1.16%,1.20%,1.3091877304767,14.06%,50.00%,50.00%,0.237,0.260,0.573,0.615,0.200,0.200
231,0.250,0.250,0.250,0.250,0.000,0.000,27.50%,6.84%,1.02802871894279,11.64%,85.00%,85.00%,0.751,0.735,0.338,0.426,0.800,0.725
232,0.250,0.250,0.250,0.000,0.250,0.000,25.62%,6.39%,1.0284686868621,11.08%,80.00%,90.00%,0.714,0.697,0.339,0.383,0.714,0.800
233,0.250,0.250,0.000,0.250,0.250,0.000,16.35%,4.21%,0.887199273376653,9.12%,75.00%,85.00%,0.533,0.513,0.221,0.230,0.629,0.725
234,0.250,0.000,0.250,0.250,0.250,0.000,23.07%,5.92%,1.08146677439444,11.58%,70.00%,85.00%,0.665,0.657,0.383,0.421,0.543,0.725
235,0.000,0.250,0.250,0.250,0.250,0.000,16.12%,4.18%,0.915069481971682,9.40%,70.00%,85.00%,0.529,0.510,0.244,0.252,0.543,0.725
236,0.250,0.250,0.250,0.000,0.000,0.250,28.09%,7.06%,1.08141567046545,12.64%,75.00%,85.00%,0.763,0.753,0.383,0.504,0.629,0.725
237,0.250,0.250,0.000,0.250,0.000,0.250,23.88%,5.95%,0.885613987015488,10.41%,70.00%,85.00%,0.680,0.660,0.220,0.330,0.543,0.725
238,0.250,0.000,0.250,0.250,0.000,0.250,24.33%,6.42%,1.17513406133545,13.79%,70.00%,65.00%,0.689,0.700,0.461,0.593,0.543,0.425
239,0.000,0.250,0.250,0.250,0.000,0.250,24.13%,6.21%,1.08849983037164,12.40%,75.00%,80.00%,0.685,0.682,0.389,0.486,0.629,0.650
240,0.250,0.250,0.000,0.000,0.250,0.250,24.44%,6.03%,0.908558879858028,9.91%,80.00%,85.00%,0.691,0.666,0.239,0.291,0.714,0.725
241,0.250,0.000,0.250,0.000,0.250,0.250,24.92%,6.56%,1.30145407560761,14.00%,70.00%,80.00%,0.701,0.711,0.567,0.610,0.543,0.650
242,0.000,0.250,0.250,0.000,0.250,0.250,23.17%,5.84%,1.01368370852621,10.81%,80.00%,80.00%,0.666,0.650,0.327,0.361,0.714,0.650
243,0.250,0.000,0.000,0.250,0.250,0.250,16.67%,4.54%,1.06851009380207,11.76%,70.00%,70.00%,0.540,0.541,0.372,0.435,0.543,0.500
244,0.000,0.250,0.000,0.250,0.250,0.250,10.98%,3.10%,1.01362853110589,10.42%,55.00%,75.00%,0.429,0.419,0.326,0.331,0.286,0.575
245,0.000,0.000,0.250,0.250,0.250,0.250,19.19%,5.17%,1.13350154793691,12.41%,65.00%,75.00%,0.589,0.594,0.427,0.486,0.457,0.575
246,0.200,0.200,0.200,0.200,0.200,0.000,24.23%,6.03%,0.975507153222619,10.42%,80.00%,85.00%,0.687,0.667,0.295,0.331,0.714,0.725
247,0.200,0.200,0.200,0.200,0.000,0.200,26.76%,6.74%,1.01917258093504,12.09%,75.00%,85.00%,0.736,0.726,0.331,0.461,0.629,0.725
248,0.200,0.200,0.200,0.000,0.200,0.200,27.64%,6.91%,1.08058288337879,12.03%,75.00%,85.00%,0.754,0.741,0.382,0.456,0.629,0.725
249,0.200,0.200,0.000,0.200,0.200,0.200,19.50%,4.96%,0.908428925643007,9.80%,80.00%,85.00%,0.595,0.576,0.239,0.282,0.714,0.725
250,0.200,0.000,0.200,0.200,0.200,0.200,24.20%,6.28%,1.14972987871062,12.73%,75.00%,75.00%,0.687,0.687,0.440,0.511,0.629,0.575
251,0.000,0.200,0.200,0.200,0.200,0.200,20.01%,5.13%,0.99765594882205,10.54%,70.00%,90.00%,0.605,0.591,0.313,0.341,0.543,0.800
252,0.167,0.167,0.167,0.167,0.167,0.167,26.69%,6.63%,0.998147585233246,11.20%,80.00%,85.00%,0.735,0.717,0.314,0.392,0.714,0.725
253,1.000,0.000,0.000,0.000,0.000,0.000,1.95%,1.34%,1.90260785842194,21.86%,60.00%,40.00%,0.488,0.609,0.781,0.800,0.680,0.333
254,0.000,1.000,0.000,0.000,0.000,0.000,2.38%,0.64%,1.26328666976097,12.87%,55.00%,65.00%,0.505,0.508,0.444,0.414,0.560,0.667
255,0.000,0.000,1.000,0.000,0.000,0.000,8.03%,2.65%,1.89433911474852,20.83%,55.00%,50.00%,0.728,0.800,0.776,0.756,0.560,0.467
256,0.000,0.000,0.000,1.000,0.000,0.000,-0.67%,0.07%,1.42545367196926,15.55%,55.00%,35.00%,0.385,0.426,0.529,0.529,0.560,0.267
257,0.000,0.000,0.000,0.000,1.000,0.000,2.20%,0.44%,1.09457872420659,10.67%,65.00%,70.00%,0.498,0.479,0.355,0.320,0.800,0.733
258,0.000,0.000,0.000,0.000,0.000,1.000,-5.34%,-1.49%,0.859994814225728,8.89%,40.00%,30.00%,0.200,0.200,0.231,0.243,0.200,0.200
259,0.500,0.500,0.000,0.000,0.000,0.000,6.19%,1.63%,1.39219244061401,14.41%,55.00%,65.00%,0.656,0.652,0.512,0.480,0.560,0.667
260,0.500,0.000,0.500,0.000,0.000,0.000,6.17%,2.34%,1.93911838502618,21.82%,60.00%,50.00%,0.655,0.754,0.800,0.798,0.680,0.467
261,0.000,0.500,0.500,0.000,0.000,0.000,7.82%,1.97%,1.35446157422151,13.77%,55.00%,70.00%,0.720,0.700,0.492,0.453,0.560,0.733
262,0.500,0.000,0.000,0.500,0.000,0.000,6.85%,1.90%,1.52495734528824,16.28%,55.00%,40.00%,0.682,0.691,0.582,0.561,0.560,0.333
263,0.000,0.500,0.000,0.500,0.000,0.000,4.73%,1.23%,1.24737550166848,13.18%,65.00%,65.00%,0.598,0.594,0.435,0.427,0.800,0.667
264,0.000,0.000,0.500,0.500,0.000,0.000,9.84%,2.64%,1.59140867642691,16.61%,60.00%,55.00%,0.800,0.797,0.617,0.575,0.680,0.533
265,0.500,0.000,0.000,0.000,0.500,0.000,2.56%,0.74%,1.4207594823452,14.60%,55.00%,50.00%,0.512,0.522,0.527,0.488,0.560,0.467
266,0.000,0.500,0.000,0.000,0.500,0.000,4.60%,1.07%,1.09153718533456,10.99%,65.00%,75.00%,0.593,0.571,0.353,0.333,0.800,0.800
267,0.000,0.000,0.500,0.000,0.500,0.000,4.17%,1.10%,1.41954640636682,14.24%,55.00%,50.00%,0.576,0.575,0.526,0.473,0.560,0.467
268,0.000,0.000,0.000,0.500,0.500,0.000,3.57%,0.95%,1.20324449763971,12.94%,65.00%,60.00%,0.552,0.553,0.412,0.417,0.800,0.600
269,0.500,0.000,0.000,0.000,0.000,0.500,-2.34%,-0.62%,0.977324783773235,10.69%,65.00%,45.00%,0.318,0.326,0.293,0.321,0.800,0.400
270,0.000,0.500,0.000,0.000,0.000,0.500,0.62%,0.02%,0.864121719892631,8.73%,60.00%,50.00%,0.436,0.417,0.233,0.236,0.680,0.467
271,0.000,0.000,0.500,0.000,0.000,0.500,1.53%,0.33%,1.06693844484371,10.90%,55.00%,60.00%,0.472,0.463,0.340,0.330,0.560,0.600
272,0.000,0.000,0.000,0.500,0.000,0.500,0.11%,-0.06%,1.00770375166475,10.34%,55.00%,50.00%,0.415,0.406,0.309,0.305,0.560,0.467
273,0.000,0.000,0.000,0.000,0.500,0.500,1.00%,0.07%,0.800792483114351,7.88%,55.00%,45.00%,0.451,0.426,0.200,0.200,0.560,0.400
274,0.333,0.333,0.333,0.000,0.000,0.000,7.80%,2.13%,1.5092227906224,15.80%,55.00%,65.00%,0.720,0.724,0.573,0.540,0.560,0.667
275,0.333,0.333,0.000,0.333,0.000,0.000,6.43%,1.61%,1.34768636692003,13.80%,60.00%,50.00%,0.665,0.649,0.488,0.454,0.680,0.467
276,0.333,0.000,0.333,0.333,0.000,0.000,6.83%,2.02%,1.67432002788575,17.71%,55.00%,40.00%,0.681,0.708,0.660,0.622,0.560,0.333
277,0.000,0.333,0.333,0.333,0.000,0.000,8.05%,2.00%,1.33183787312862,13.57%,55.00%,65.00%,0.729,0.706,0.480,0.444,0.560,0.667
278,0.333,0.333,0.000,0.000,0.333,0.000,4.53%,1.09%,1.25650542122296,12.43%,60.00%,70.00%,0.590,0.573,0.440,0.395,0.680,0.733
279,0.333,0.000,0.333,0.000,0.333,0.000,6.73%,1.97%,1.61401802332804,17.39%,55.00%,60.00%,0.677,0.700,0.629,0.608,0.560,0.600
280,0.000,0.333,0.333,0.000,0.333,0.000,5.02%,1.18%,1.21094655360059,11.96%,55.00%,65.00%,0.609,0.587,0.416,0.375,0.560,0.667
281,0.333,0.000,0.000,0.333,0.333,0.000,5.02%,1.26%,1.3403148753313,13.66%,60.00%,55.00%,0.609,0.598,0.484,0.448,0.680,0.533
282,0.000,0.333,0.000,0.333,0.333,0.000,4.26%,1.07%,1.1593358089321,12.22%,65.00%,60.00%,0.580,0.570,0.389,0.386,0.800,0.600
283,0.000,0.000,0.333,0.333,0.333,0.000,7.89%,1.98%,1.37412028655447,14.05%,60.00%,65.00%,0.723,0.702,0.502,0.465,0.680,0.667
284,0.333,0.333,0.000,0.000,0.000,0.333,1.69%,0.32%,0.911257538148251,9.66%,65.00%,45.00%,0.478,0.462,0.258,0.276,0.800,0.400
285,0.333,0.000,0.333,0.000,0.000,0.333,0.02%,0.08%,1.22123936514828,13.00%,60.00%,50.00%,0.412,0.427,0.422,0.420,0.680,0.467
286,0.000,0.333,0.333,0.000,0.000,0.333,4.58%,1.02%,1.002048959969,10.09%,55.00%,55.00%,0.592,0.563,0.306,0.295,0.560,0.533
287,0.333,0.000,0.000,0.333,0.000,0.333,2.08%,0.48%,1.11725322700999,11.73%,55.00%,55.00%,0.493,0.485,0.367,0.365,0.560,0.533
288,0.000,0.333,0.000,0.333,0.000,0.333,2.22%,0.43%,0.948520311824013,9.71%,55.00%,40.00%,0.499,0.478,0.278,0.278,0.560,0.333
289,0.000,0.000,0.333,0.333,0.000,0.333,4.62%,1.12%,1.20404106746577,12.43%,55.00%,45.00%,0.594,0.577,0.413,0.395,0.560,0.400
290,0.333,0.000,0.000,0.000,0.333,0.333,1.77%,0.31%,0.924853412215125,9.36%,60.00%,50.00%,0.481,0.460,0.265,0.263,0.680,0.467
291,0.000,0.333,0.000,0.000,0.333,0.333,2.40%,0.43%,0.857932816811318,8.48%,65.00%,45.00%,0.506,0.478,0.230,0.226,0.800,0.400
292,0.000,0.000,0.333,0.000,0.333,0.333,1.72%,0.27%,0.905352419512736,8.98%,55.00%,50.00%,0.479,0.455,0.255,0.247,0.560,0.467
293,0.000,0.000,0.000,0.333,0.333,0.333,1.00%,0.11%,0.889153520370097,9.09%,60.00%,45.00%,0.451,0.431,0.247,0.252,0.680,0.400
294,0.250,0.250,0.250,0.250,0.000,0.000,9.61%,2.47%,1.48103126725664,15.36%,55.00%,50.00%,0.791,0.773,0.559,0.521,0.560,0.467
295,0.250,0.250,0.250,0.000,0.250,0.000,5.80%,1.46%,1.34710891328833,13.66%,55.00%,70.00%,0.640,0.627,0.488,0.448,0.560,0.733
296,0.250,0.250,0.000,0.250,0.250,0.000,6.42%,1.56%,1.21707790692659,12.51%,65.00%,65.00%,0.665,0.641,0.419,0.399,0.800,0.667
297,0.250,0.000,0.250,0.250,0.250,0.000,6.56%,1.81%,1.57902822205616,16.25%,55.00%,45.00%,0.670,0.677,0.610,0.559,0.560,0.400
298,0.000,0.250,0.250,0.250,0.250,0.000,6.77%,1.67%,1.26945020534147,13.04%,60.00%,55.00%,0.679,0.658,0.447,0.421,0.680,0.533
299,0.250,0.250,0.250,0.000,0.000,0.250,4.29%,1.04%,1.1360646330057,11.75%,60.00%,60.00%,0.581,0.566,0.377,0.366,0.680,0.600
300,0.250,0.250,0.000,0.250,0.000,0.250,3.36%,0.73%,0.996955142809022,10.25%,55.00%,60.00%,0.544,0.520,0.303,0.301,0.560,0.600
301,0.250,0.000,0.250,0.250,0.000,0.250,4.36%,1.16%,1.31225730127587,13.93%,60.00%,50.00%,0.584,0.583,0.470,0.460,0.680,0.467
302,0.000,0.250,0.250,0.250,0.000,0.250,5.13%,1.17%,1.07187977771776,10.85%,60.00%,60.00%,0.614,0.585,0.343,0.327,0.680,0.600
303,0.250,0.250,0.000,0.000,0.250,0.250,2.39%,0.42%,0.852324781014967,8.39%,55.00%,55.00%,0.506,0.476,0.227,0.222,0.560,0.533
304,0.250,0.000,0.250,0.000,0.250,0.250,2.07%,0.45%,1.09406169261229,11.22%,60.00%,60.00%,0.493,0.480,0.355,0.343,0.680,0.600
305,0.000,0.250,0.250,0.000,0.250,0.250,3.74%,0.76%,0.906347413776499,8.92%,55.00%,65.00%,0.559,0.526,0.256,0.245,0.560,0.667
306,0.250,0.000,0.000,0.250,0.250,0.250,3.09%,0.64%,0.979382952422397,10.05%,55.00%,65.00%,0.533,0.508,0.294,0.293,0.560,0.667
307,0.000,0.250,0.000,0.250,0.250,0.250,1.86%,0.34%,0.892118302906435,9.20%,65.00%,40.00%,0.485,0.464,0.248,0.257,0.800,0.333
308,0.000,0.000,0.250,0.250,0.250,0.250,3.67%,0.79%,1.04857062183432,10.51%,60.00%,55.00%,0.556,0.530,0.331,0.313,0.680,0.533
309,0.200,0.200,0.200,0.200,0.200,0.000,8.05%,2.00%,1.37197448621294,13.92%,55.00%,60.00%,0.729,0.705,0.501,0.459,0.560,0.600
310,0.200,0.200,0.200,0.200,0.000,0.200,5.49%,1.30%,1.18178448944104,11.92%,55.00%,55.00%,0.628,0.603,0.401,0.373,0.560,0.533
311,0.200,0.200,0.200,0.000,0.200,0.200,3.47%,0.74%,1.01077057592519,10.08%,55.00%,65.00%,0.548,0.522,0.311,0.294,0.560,0.667
312,0.200,0.200,0.000,0.200,0.200,0.200,3.37%,0.68%,0.918444485368479,9.20%,60.00%,60.00%,0.544,0.514,0.262,0.257,0.680,0.600
313,0.200,0.000,0.200,0.200,0.200,0.200,4.49%,1.04%,1.16287812738739,11.82%,55.00%,50.00%,0.588,0.566,0.391,0.369,0.560,0.467
314,0.000,0.200,0.200,0.200,0.200,0.200,4.05%,0.88%,0.998392016973973,10.06%,60.00%,65.00%,0.571,0.542,0.304,0.293,0.680,0.667
315,0.167,0.167,0.167,0.167,0.167,0.167,5.75%,1.29%,1.04848934634313,10.50%,55.00%,75.00%,0.638,0.602,0.331,0.312,0.560,0.800
